0    127.000000    0.0078125    2.107210    Millennium Outputs List
1     79.997894    0.012346     1.908474    
2     49.999592    0.019608     1.707567     Key:
3     30.000065    0.032258     1.491363     -----------------------
4     19.915691    0.047811     1.320472      no.  z   a   log(1+z)
5     18.243723    0.051965     1.284289     -----------------------
6     16.724527    0.056419     1.248575
7     15.343075    0.061188     1.213334   
8     14.085914    0.066287     1.178572    
9     12.940780    0.071732     1.144287
10    11.896569    0.077540     1.110474    
11    10.943865    0.083725     1.077145     
12    10.073462    0.090306     1.044283
13    9.277915     0.097296     1.011905
14    8.549912     0.104713     0.979999
15    7.883204     0.112572     0.948570
16    7.272188     0.120887     0.917620
17    6.711586     0.129675     0.887144
18    6.196834     0.138950     0.857141
19    5.723865     0.148724     0.827619
20    5.288833     0.159012     0.798570
21    4.888450     0.169824     0.770001
22    4.519556     0.181174     0.741904
23    4.179468     0.193070     0.714285
24    3.865683     0.205521     0.687144
25    3.575905     0.218536     0.660477
26    3.308098     0.232121     0.634286
27    3.060419     0.246280     0.608571
28    2.831183     0.261016     0.583333
29    2.618861     0.276330     0.558572
30    2.422044     0.292223     0.534286
31    2.239485     0.308691     0.510476
32    2.070027     0.325730     0.487142
33    1.912633     0.343332     0.464286
34    1.766336     0.361489     0.441905
35    1.630271     0.380189     0.420000
36    1.503636     0.399419     0.398571
37    1.385718     0.419161     0.377619
38    1.275846     0.439397     0.357143
39    1.173417     0.460105     0.337143
40    1.077874     0.481261     0.317619
41    0.988708     0.502839     0.298571
42    0.905463     0.524807     0.280000
43    0.827699     0.547136     0.261905
44    0.755036     0.569789     0.244286
45    0.687109     0.592730     0.227143
46    0.623590     0.615919     0.210476
47    0.564177     0.639314     0.194286
48    0.508591     0.662870     0.178572
49    0.456577     0.686541     0.163334
50    0.407900     0.710278     0.148572
51    0.362340     0.734031     0.134286
52    0.319703     0.757746     0.120476
53    0.279802     0.781371     0.107143
54    0.242469     0.804849     0.094286
55    0.207549     0.828124     0.081905
56    0.174898     0.851138     0.070000
57    0.144383     0.873833     0.058572
58    0.115883     0.896151     0.047619
59    0.089288     0.918031     0.037143
60    0.064493     0.939414     0.027143
61    0.041403     0.960243     0.017619
62    0.019933     0.980457     0.008571
63    0.000000     1.000000     0.000000

