4.100000000000000000e+01 -6.372975349426269531e+00 0.000000000000000000e+00
4.109906005859375000e+01 -6.016140460968017578e+00 0.000000000000000000e+00
4.119811630249023438e+01 -5.936458110809326172e+00 0.000000000000000000e+00
4.129717636108398438e+01 -5.851141452789306641e+00 0.000000000000000000e+00
4.139623260498046875e+01 -5.763847351074218750e+00 0.000000000000000000e+00
4.149529266357421875e+01 -5.672272205352783203e+00 0.000000000000000000e+00
4.159435272216796875e+01 -5.540280818939208984e+00 0.000000000000000000e+00
4.169340896606445312e+01 -5.353057384490966797e+00 0.000000000000000000e+00
4.179246902465820312e+01 -5.193367004394531250e+00 0.000000000000000000e+00
4.189152526855468750e+01 -5.066606521606445312e+00 0.000000000000000000e+00
4.199058532714843750e+01 -4.957701683044433594e+00 0.000000000000000000e+00
4.208964157104492188e+01 -4.871756553649902344e+00 0.000000000000000000e+00
4.218870162963867188e+01 -4.806721687316894531e+00 0.000000000000000000e+00
4.228776168823242188e+01 -4.742667198181152344e+00 0.000000000000000000e+00
4.238681793212890625e+01 -4.669779300689697266e+00 0.000000000000000000e+00
4.248587799072265625e+01 -4.589844703674316406e+00 0.000000000000000000e+00
4.258493423461914062e+01 -4.504376888275146484e+00 0.000000000000000000e+00
4.268399429321289062e+01 -4.409665107727050781e+00 0.000000000000000000e+00
4.278305435180664062e+01 -4.307843208312988281e+00 0.000000000000000000e+00
4.288211059570312500e+01 -4.203821659088134766e+00 0.000000000000000000e+00
4.298117065429687500e+01 -4.121208190917968750e+00 0.000000000000000000e+00
4.308022689819335938e+01 -4.078143596649169922e+00 0.000000000000000000e+00
4.317928695678710938e+01 -4.074660778045654297e+00 0.000000000000000000e+00
4.327834701538085938e+01 -4.108278274536132812e+00 0.000000000000000000e+00
4.337740325927734375e+01 -4.180800437927246094e+00 0.000000000000000000e+00
4.347646331787109375e+01 -4.285578727722167969e+00 0.000000000000000000e+00
4.357551956176757812e+01 -4.416993618011474609e+00 0.000000000000000000e+00
4.367457962036132812e+01 -4.564113616943359375e+00 0.000000000000000000e+00
4.377363586425781250e+01 -4.736241340637207031e+00 0.000000000000000000e+00
4.387269592285156250e+01 -4.916833877563476562e+00 0.000000000000000000e+00
4.397175598144531250e+01 -5.111659526824951172e+00 0.000000000000000000e+00
4.407081222534179688e+01 -5.320087909698486328e+00 0.000000000000000000e+00
4.416987228393554688e+01 -5.544933319091796875e+00 0.000000000000000000e+00
4.426892852783203125e+01 -5.783325195312500000e+00 0.000000000000000000e+00
4.436798858642578125e+01 -6.032326221466064453e+00 0.000000000000000000e+00
4.446704864501953125e+01 -6.284710407257080078e+00 0.000000000000000000e+00
4.456610488891601562e+01 -6.542451858520507812e+00 0.000000000000000000e+00
4.466516494750976562e+01 -6.808161735534667969e+00 0.000000000000000000e+00
4.476422119140625000e+01 -7.056185245513916016e+00 0.000000000000000000e+00
4.486328125000000000e+01 -7.397510051727294922e+00 0.000000000000000000e+00
4.496234130859375000e+01 -7.651115417480468750e+00 0.000000000000000000e+00
4.506139755249023438e+01 -8.050722122192382812e+00 0.000000000000000000e+00
4.516045761108398438e+01 -8.476691246032714844e+00 0.000000000000000000e+00
4.525951385498046875e+01 -8.812483787536621094e+00 0.000000000000000000e+00
4.535857391357421875e+01 -9.289604187011718750e+00 0.000000000000000000e+00
4.545763015747070312e+01 -1.006775569915771484e+01 0.000000000000000000e+00
4.555669021606445312e+01 -1.006775569915771484e+01 0.000000000000000000e+00
4.565575027465820312e+01 -inf 0.000000000000000000e+00
4.575480651855468750e+01 -inf 0.000000000000000000e+00
4.585386657714843750e+01 -inf 0.000000000000000000e+00
4.595292282104492188e+01 -inf 0.000000000000000000e+00
4.605198287963867188e+01 -1.006775569915771484e+01 0.000000000000000000e+00
